0.00202
0.00034
0.00024
0.00016
0.00012

0.00010
0.00010
0.00010
0.00009
0.00008

0.00007
0.00007
0.00008
0.00011
0.00013

0.00017
0.00021
0.00026
0.00032
0.00039

0.00045
0.00049
0.00051
0.00054
0.00055

0.00055
0.00055
0.00054
0.00055
0.00056

0.00058
0.00060
0.00062
0.00066
0.00070

0.00074
0.00076
0.00080
0.00085
0.00095

0.00105
0.00115
0.00124
0.00134
0.00147

0.00163
0.00181
0.00200
0.00222
0.00243

0.00266
0.00293
0.00323
0.00355
0.00391

0.00432
0.00475
0.00518
0.00560
0.00609

0.00669
0.00748
0.00837
0.00926
0.01014

0.01119
0.01231
0.01345
0.01468
0.01599

0.01747
0.01915
0.02095
0.02268
0.02463

0.02707
0.03009
0.03376
0.03812
0.04307

0.04862
0.05502
0.06222
0.07032
0.07945

0.08947
0.10002
0.11144
0.12399
0.13783

0.15329
0.17010
0.18905
0.20953
0.22932

0.24601
0.26408
0.28243
0.30104
0.31989

0.33896
0.35824
0.37771
0.39733
0.41709

0.43697
0.45693
0.47695
0.49699
0.51704

0.53705
0.55698
0.57682
